Sample	Coverage	Age	Latitude	Longitude	Sex	Site	nameNew	SNP_chr9-73114851_A	SNP_chr9-73114851_D	Ance1	Ance2	Ance3	Ance4	Ance5	Ance6	Species	Age
18ELTu18_AMIS-1-01102_Spa_m588	1.120820036	-588	38.95	-6.06	male	site1	18ELTu18_Spa_m588	0	4	0	0	1e-06	0.039032	0.025058	0.935909	horse	2538
AC7970_AMIS-1-00131_Tur_m290	1.163410085	-290	38.41	33.84	male	site2	AC7970_Tur_m290	0	0	0	0.006005	4e-06	0.00942	0.044298	0.940271	horse	2240
AC8811_AMIS-1-00133_Tur_m2125	4.180880673	-2125	38.41	33.84	female	site2	AC8811_Tur_m2125	0	3	0	0	0.186098	0	0.048309	0.765592	horse	4075
AC9016_AMIS-1-00134_Tur_m1900	1.436700298	-1900	38.41	33.84	male	site2	AC9016_Tur_m1900	0	2	0	3.2e-05	0.049199	0.004658	0.105192	0.840915	horse	3850
CGG10022_CGG-1-10022_Rus_m40610	25.73810527	-40610	73.05	109.71	female	site3	CGG10022_Rus_m40610	3	0	0.000489	0.453806	0	0.302293	0.243411	0	horse	42560
CGG10023_CGG-1-10023_Rus_m14170	10.80238413	-14170	73.05	109.71	male	site3	CGG10023_Rus_m14170	0	0	0.000346	0.457739	1e-06	0.301465	0.240447	0	horse	16120
Arz15_CGG-1-017084_Rus_m650	6.889495759	-650	52.07	93.52	male	site4	Arz15_Rus_m650	0	0	0	6e-06	0.127744	0	0.020387	0.851863	horse	2600
Arz1x12_AMIS-1-01222_Rus_m854	4.823303341	-854	52.07	93.52	male	site4	Arz1x12_Rus_m854	0	5	0	0.009038	0.006196	2.5e-05	0.060631	0.924107	horse	2804
Arz1x13_AMIS-1-01223_Rus_m581	10.14725143	-581	52.07	93.52	male	site4	Arz1x13_Rus_m581	0	7	0	2e-06	0.099338	0	0.046565	0.854089	horse	2531
Arz1x14_AMIS-1-01224_Rus_m800	2.94780847	-800	52.07	93.52	male	site4	Arz1x14_Rus_m800	0	1	0	0.002956	0.000314	0.012052	0.041583	0.943096	horse	2750
Batagai_CGG-NO-NUMBER_Rus_m3136	17.2130998	-3136	67.57	134.77	male	site5	Batagai_Rus_m3136	4	0	0.001848	0.454692	1e-06	0.49744	0.04602	0	horse	5086
Besta5_AMIS-1-00061_Kaz_m1892	1.388049061	-1892	51.58	64.72	male	site6	Besta5_Kaz_m1892	0	0	0.000154	0	4e-06	0.068967	0.005771	0.925102	horse	3842
Besta6_AMIS-1-00062_Kaz_m661	1.76342758	-661	51.58	64.72	male	site6	Besta6_Kaz_m661	0	0	0	0	2e-06	0.040431	0.02237	0.937194	horse	2611
Besta7_AMIS-1-00063_Kaz_m3132	10.95574468	-3132	51.58	64.72	female	site6	Besta7_Kaz_m3132	0	0	0.000124	0.005413	0.941131	0.00549	0.047832	1e-05	horse	5082
Bi5x1_AMIS-1-02594_Rus_m625	1.488035143	-625	51.16	86.14	male	site7	Bi5x1_Rus_m625	0	0	0	1e-06	4e-06	0.023826	0.036125	0.940047	horse	2575
Borly1_AMIS-1-00034_Kaz_m4449	2.961884438	-4449	51.83	77.95	female	site8	Borly1_Kaz_m4449	0	0	0	0.138201	0.641098	0	0.220704	1e-06	horse	6399
Borly3_AMIS-1-00036_Kaz_m4499	2.505021669	-4499	51.83	77.95	female	site8	Borly3_Kaz_m4499	0	0	0	0.14762	0.627684	0	0.224696	0	horse	6449
Borly7_AMIS-1-00039_Kaz_m4636	1.986610785	-4636	51.83	77.95	male	site8	Borly7_Kaz_m4636	0	0	0	0.202247	0.531271	1e-06	0.266481	0	horse	6586
Borly8_AMIS-1-00040_Kaz_m4290	2.497362508	-4290	51.83	77.95	male	site8	Borly8_Kaz_m4290	0	0	0	0.112418	0.694085	1e-06	0.193494	2e-06	horse	6240
Botai1_CGG-1-018173_Kaz_m3221	6.224996806	-3221	53.3	67.65	male	site9	Botai1_Kaz_m3221	0	0	0	0.053282	0.902758	1e-06	0.043958	0	horse	5171
Botai2018x10_AMIS-1-01648_Kaz_m3333	2.433677864	-3328	53.3	67.65	male	site9	Botai2018x10_Kaz_m3333	0	0	0	1e-06	0.92786	0.014505	0.053453	0.004179	horse	5278
Botai2018x11_AMIS-1-01649_Kaz_m3333	3.246364474	-3328	53.3	67.65	male	site9	Botai2018x11_Kaz_m3333	0	0	8.1e-05	0.018963	0.901806	0.002696	0.076453	1e-06	horse	5278
Botai2018x12_AMIS-1-01650_Kaz_m3333	1.899099271	-3328	53.3	67.65	male	site9	Botai2018x12_Kaz_m3333	0	1	0	0	0.881993	0.013899	0.068611	0.035497	horse	5278
Botai2018x13_AMIS-1-01651_Kaz_m3333	2.500380094	-3328	53.3	67.65	female	site9	Botai2018x13_Kaz_m3333	0	0	0	4e-06	0.874683	0.013224	0.077021	0.035064	horse	5278
Botai2018x14_AMIS-1-01652_Kaz_m3333	6.172926173	-3328	53.3	67.65	female	site9	Botai2018x14_Kaz_m3333	0	0	0	0.040353	0.885403	0	0.074237	9e-06	horse	5278
Botai2018x15_AMIS-1-01653_Kaz_m3333	2.183577096	-3328	53.3	67.65	female	site9	Botai2018x15_Kaz_m3333	0	0	0	0.061723	0.839961	1e-06	0.098312	1e-06	horse	5278
Botai2018x16_AMIS-1-01654_Kaz_m3333	1.694480821	-3328	53.3	67.65	male	site9	Botai2018x16_Kaz_m3333	0	2	3e-06	0	0.928321	0.014152	0.052717	0.004808	horse	5278
Botai2018x17_AMIS-1-01655_Kaz_m3333	3.367172538	-3328	53.3	67.65	male	site9	Botai2018x17_Kaz_m3333	0	0	3.8e-05	0.013924	0.930675	0.003331	0.052025	9e-06	horse	5278
Botai2018x26_AMIS-1-01642_Kaz_m3333	6.281815241	-3328	53.3	67.65	male	site9	Botai2018x26_Kaz_m3333	0	0	0	0.094513	0.802607	0	0.102877	0	horse	5278
Botai2018x28_AMIS-1-01656_Kaz_m3333	1.277093048	-3328	53.3	67.65	female	site9	Botai2018x28_Kaz_m3333	0	0	0	1e-06	0.88916	0.011108	0.067554	0.032175	horse	5278
Botai2018x29_AMIS-1-01657_Kaz_m3333	0.826100097	-3328	53.3	67.65	male	site9	Botai2018x29_Kaz_m3333	0	0	3.5e-05	1.3e-05	0.924887	0.012596	0.062464	0	horse	5278
Botai2018x3_AMIS-1-01643_Kaz_m3333	1.984553422	-3328	53.3	67.65	female	site9	Botai2018x3_Kaz_m3333	0	0	0	1e-06	0.855461	0.01518	0.089104	0.040254	horse	5278
Botai2018x31_AMIS-1-01659_Kaz_m3333	5.988414284	-3328	53.3	67.65	female	site9	Botai2018x31_Kaz_m3333	0	0	0	0.05107	0.869147	0	0.079783	0	horse	5278
Botai2018x33_AMIS-1-01660_Kaz_m3333	2.429896401	-3328	53.3	67.65	male	site9	Botai2018x33_Kaz_m3333	0	0	5.1e-05	0.000328	0.92716	0.010988	0.061469	0	horse	5278
Botai2018x4_AMIS-1-01644_Kaz_m3333	5.832193228	-3328	53.3	67.65	female	site9	Botai2018x4_Kaz_m3333	0	0	0	0.064854	0.839332	0	0.095815	1e-06	horse	5278
Botai2018x6_AMIS-1-01646_Kaz_m3333	2.933623724	-3328	53.3	67.65	female	site9	Botai2018x6_Kaz_m3333	0	0	9.3e-05	0.012962	0.915715	0.003038	0.068193	1e-06	horse	5278
Botai4_CGG-1-018176_Kaz_m3182	3.444368712	-3182	53.3	67.65	male	site9	Botai4_Kaz_m3182	0	0	1e-06	0.011636	0.960019	0.004842	0.023502	1e-06	horse	5132
BotaixC_CGG-1-020183_Kaz_m3333	5.594534057	-3328	53.3	67.65	male	site9	BotaixC_Kaz_m3333	0	0	0.000114	0.020344	0.920111	1.1e-05	0.059423	0	horse	5278
BotaixG_CGG-1-020187_Kaz_m3193	6.711812999	-3193	53.3	67.65	male	site9	BotaixG_Kaz_m3193	0	0	0	0.080465	0.826904	1e-06	0.092629	0	horse	5143
BotaixI_CGG-1-020189_Kaz_m3333	5.22068029	-3328	53.3	67.65	male	site10	BotaixI_Kaz_m3333	0	0	0	0.045091	0.889211	3e-06	0.065693	1e-06	horse	5278
BotaixK_CGG-1-020191_Kaz_m3501	7.319195008	-3501	53.3	67.65	male	site9	BotaixK_Kaz_m3501	0	0	0	0.105669	0.783578	0	0.11075	0	horse	5451
BPTDG1_CGG-1-020427_Fra_m11800	0.77	-11800	48.39	3.01	male	site11	BPTDG1_Fra_m11800	0	0	0.000229	0.223067	0.202957	4.6e-05	0.573697	3e-06	horse	13750
BZNK1002x4_AMIS-1-01764_Rus_m3450	1.605849602	-3450	45.69	43.26	male	site12	BZNK1002x4_Rus_m3450	0	0	9.6e-05	2e-06	0.06452	0.025704	0.189933	0.719745	horse	5400
BZNK169x1_AMIS-1-01759_Rus_m871	1.043881833	-871	43.79	42.73	male	site13	BZNK169x1_Rus_m871	0	0	0	0	5e-06	0.037139	0.012278	0.950573	horse	2821
CAR05_AMIS-1-00018_Hun_m3130	3.027810374	-2458	46.36	17.73	male	site14	CAR05_Hun_m3130	0	0	0.000214	0.05915	0.535613	1e-06	0.279565	0.125459	horse	4408
CD1819_AMIS-1-00115_Tur_m1299	2.45052137	-1299	39.68	35.14	male	site15	CD1819_Tur_m1299	0	1	0	0.007904	0.012985	1.4e-05	0.053532	0.925561	horse	3249
CD2017_AMIS-1-00096_Tur_m4532	0.178967046	-4532	39.68	35.14	female	site15	CD2017_Tur_m4532	0	0	0	0.042149	0.718318	1e-06	0.097523	0.142008	horse	6482
CD5203_AMIS-1-00107_Tur_m985	2.300304413	-985	39.68	35.14	female	site15	CD5203_Tur_m985	0	3	0.000197	1e-06	0	0.05078	1e-06	0.94902	horse	2935
CFo02_AMIS-1-01091_Spa_m5180	0.868155877	-5180	40.42	-0.13	female	site16	CFo02_Spa_m5180	1	0	0	0.518385	0.00178	0.385868	0.021814	0.072153	horse	7130
Chalk1_AMIS-1-01388_UK_m865	0.452877461	-865	51.33	1.39	male	site17	Chalk1_UK_m865	0	1	0.000205	1e-06	5e-06	0.072601	9.2e-05	0.927094	horse	2815
Chalk3_AMIS-1-01390_UK_m474	0.548752788	-474	51.33	1.39	male	site17	Chalk3_UK_m474	0	0	0.000206	0	4e-06	0.067618	0	0.93217	horse	2424
Chin1x1_AMIS-1-01232_Rus_m810	1.273953969	-810	52.07	93.46	male	site18	Chin1x1_Rus_m810	0	1	0	2e-06	0.064255	2e-06	0.052393	0.883345	horse	2760
Cho1x3_AMIS-1-02597_Rus_m625	2.963320299	-625	51.17	86.11	male	site19	Cho1x3_Rus_m625	0	5	0	0.002109	1.1e-05	0.014617	0.033113	0.950146	horse	2575
Closeaux3_AMIS-1-01463_Fra_m10400	1.01	-10400	48.87	2.16	male	site20	Closeaux3_Fra_m10400	0	0	0.000166	0.23966	0.187501	7e-06	0.572663	0	horse	12350
DaAn01_CGG-1-018337_Rus_m1883	0.823320013	-1883	53.66	50.67	female	site21	DaAn01_Rus_m1883	0	0	0	3e-06	3e-06	0.020485	0.067373	0.912137	horse	3833
Div9_AMIS-1-01054_Rus_m15059	0.48058526	-15059	50.96	39.29	female	site22	Div9_Rus_m15059	0	0	0.000543	0.030336	0.514729	0.030672	0.422836	0.000885	horse	17009
DJM130x6_AMIS-1-02448_Dan_m3011	1.226594286	-3011	56.41	10.74	male	site23	DJM130x6_Dan_m3011	0	0	0	0.24403	0.276375	1e-06	0.459393	0.020202	horse	4961
DJM613x1_AMIS-1-02451_Dan_m2994	0.506931744	-2994	56.41	10.74	female	site23	DJM613x1_Dan_m2994	0	0	0	0.345687	0.081982	0	0.522468	0.049862	horse	4944
Duk2_CGG-1-018386_Hun_m2059	3.967341301	-2059	46.96	18.94	male	site24	Duk2_Hun_m2059	0	0	0	0.117351	0.588955	0	0.23922	0.054471	horse	4009
Esto2_CGG-1-021521_Est_m661	3.802188675	-661	58.41	23.02	female	site25	Esto2_Est_m661	0	0	0	0.002118	1e-05	0.017212	0.041639	0.939016	horse	2611
Esto3_CGG-1-021522_Est_m659	4.553951587	-659	58.41	23.02	male	site25	Esto3_Est_m659	0	2	0	0.007531	0.028535	1e-06	0.043424	0.920508	horse	2609
Esto8_CGG-1-021527_Est_m654	1.201407478	-654	58.46	23.03	male	site26	Esto8_Est_m654	0	0	0	1e-06	2e-06	0.02157	0.044059	0.934364	horse	2604
Rus30x31_CGG-1-021550x1_Rus_m3435	3.232416586	-3435	72.69	142.82	female	site27	Rus30x31_Rus_m3435	0	0	0	0.431455	0	0.208963	0.359585	0	horse	5385
Etiolles4_AMIS-1-01437_Fra_m13759	5.238843164	-13759	48.63	2.47	female	site28	Etiolles4_Fra_m13759	0	0	0.000104	0.341224	0.04271	0	0.589639	0.026324	horse	15709
Etiolles6_AMIS-1-01439_Fra_m13608	2.934759131	-13608	48.63	2.47	female	site28	Etiolles6_Fra_m13608	0	0	3e-05	0.266381	0.17785	1e-06	0.549013	0.006725	horse	15558
Etiolles7_AMIS-1-01440_Fra_m13815	1.399978687	-13815	48.63	2.47	female	site28	Etiolles7_Fra_m13815	0	0	0.000221	0.221613	0.208707	6e-06	0.569447	6e-06	horse	15765
Etiollesx8_AMIS-1-01441_Fra_m13705	1.677915766	-13693	48.63	2.47	male	site28	Etiollesx8_Fra_m13705	0	0	0.000107	0.302165	0.085887	2e-06	0.602282	0.009555	horse	15643
Fen4_CGG-1-018396_Chi_m800	5.335536505	-800	36.84	101.96	male	site29	Fen4_Chi_m800	0	0	0	2e-06	0.1124	2e-06	0.039466	0.848132	horse	2750
Fetusx9m_CGG-1-022147_Spa_m475	7.871673901	-475	41.57	0.95	male	site30	Fetusx9m_Spa_m475	0	13	9e-06	0	2e-06	0.021963	0.063944	0.914079	horse	2425
Ganx10_AMIS-1-01210_Mon_m775	1.752191555	-775	49.57	103.25	male	site31	Ganx10_Mon_m775	0	4	5.1e-05	1e-06	2e-06	0.053959	0.003472	0.942514	horse	2725
Ganx4_AMIS-1-01204_Mon_m775	0.751107909	-775	49.57	103.25	female	site31	Ganx4_Mon_m775	0	0	5.3e-05	0	3e-06	0.069583	0.002314	0.928046	horse	2725
Gar3_CGG-1-018389_Rom_m1539	5.865066219	-1539	44.87	22.01	male	site32	Gar3_Rom_m1539	0	3	0	2e-06	0.121354	2e-06	0.050774	0.827864	horse	3489
Gral1_AMIS-1-01736_Fra_m16101	1.734814415	-16101	44.5	1.69	male	site33	Gral1_Fra_m16101	0	0	0	0.389895	1e-06	0.07903	0.531069	1e-06	horse	18051
Gral10_AMIS-1-01745_Fra_m18924	1.613192591	-18924	44.5	1.69	female	site33	Gral10_Fra_m18924	0	0	0	0.383948	1e-06	0.067126	0.547646	0.001279	horse	20874
Gral13_AMIS-1-01748_Fra_m16500	4.0200747	-16500	44.5	1.69	female	site33	Gral13_Fra_m16500	0	0	0.000103	0.4033	1e-06	0.112223	0.484373	0	horse	18450
Gral14_AMIS-1-01749_Fra_m21655	2.70464327	-21655	44.5	1.69	male	site33	Gral14_Fra_m21655	0	0	6.2e-05	0.366692	3e-06	0.038426	0.594815	3e-06	horse	23605
Gral2_AMIS-1-01737_Fra_m18924	2.299349226	-18924	44.5	1.69	female	site33	Gral2_Fra_m18924	0	0	0	0.405415	5e-06	0.105602	0.488978	2e-06	horse	20874
Gral3_AMIS-1-01738_Fra_m18924	1.328992084	-18924	44.5	1.69	female	site33	Gral3_Fra_m18924	0	0	0	0.380739	1e-06	0.043617	0.566212	0.009435	horse	20874
Gral4_AMIS-1-01739_Fra_m18924	2.149154533	-18924	44.5	1.69	female	site33	Gral4_Fra_m18924	0	0	0	0.371184	3e-06	0.021606	0.588461	0.018743	horse	20874
Gral5_AMIS-1-01740_Fra_m18924	1.389199408	-18924	44.5	1.69	female	site33	Gral5_Fra_m18924	0	0	0	0.371149	1e-06	0.041939	0.578214	0.008695	horse	20874
Gral6_AMIS-1-01741_Fra_m18924	2.779703682	-18924	44.5	1.69	male	site33	Gral6_Fra_m18924	0	0	0	0.398882	1e-06	0.094078	0.50704	0	horse	20874
Gral7_AMIS-1-01742_Fra_m19670	3.09072623	-19670	44.5	1.69	male	site33	Gral7_Fra_m19670	0	0	0.000101	0.395804	2e-06	0.104344	0.499753	0	horse	21620
Gral8_AMIS-1-01743_Fra_m18924	1.554892413	-18924	44.5	1.69	female	site33	Gral8_Fra_m18924	0	0	0	0.382666	4e-06	0.055671	0.551468	0.010185	horse	20874
Gral9_AMIS-1-01744_Fra_m18924	2.845198002	-18924	44.5	1.69	male	site33	Gral9_Fra_m18924	0	0	7e-05	0.363611	1.3e-05	0.03473	0.60077	0.000806	horse	20874
GVA9010_CGG-1-021589_Mon_m1057	0.08064591	-1057	47.75	101.37	male	site34	GVA9010_Mon_m1057	0	0	0.000471	0	0	0.064772	1e-06	0.934755	horse	3007
GVA9035_CGG-1-021614_Mon_m1024	7.223586103	-1024	47.75	101.37	female	site34	GVA9035_Mon_m1024	0	6	0	0.010039	0.002181	3e-06	0.054359	0.933418	horse	2974
GVA9036_CGG-1-021615_Mon_m1013	3.590513704	-1013	47.75	101.37	male	site34	GVA9036_Mon_m1013	0	8	4e-06	4e-06	2.6e-05	0.035726	0.022377	0.941857	horse	2963
GVA9037_CGG-1-021616_Mon_m1013	3.69929749	-1013	47.75	101.37	female	site34	GVA9037_Mon_m1013	0	7	0	0.001719	3e-06	0.015793	0.040546	0.94194	horse	2963
GVA9042_CGG-1-021621_Mon_m1068	3.914298497	-1068	49.83	89.99	male	site35	GVA9042_Mon_m1068	0	9	0	4.9e-05	4.2e-05	0.017529	0.045575	0.936803	horse	3018
Halvai2_AMIS-1-00058_Kaz_m1856	2.128171887	-1856	52.84	62.9	male	site36	Halvai2_Kaz_m1856	0	2	0	0.00151	0.013467	0.006741	0.082121	0.896159	horse	3806
Halvai3_AMIS-1-00059_Kaz_m1856	2.788947293	-1856	52.84	62.9	female	site36	Halvai3_Kaz_m1856	0	4	0	1e-06	1.7e-05	0.016832	0.054511	0.928645	horse	3806
Hantx9_AMIS-1-01200_Mon_m775	1.900712567	-775	49.56	103.24	female	site37	Hantx9_Mon_m775	0	1	0.000129	0	3e-06	0.055716	0.001641	0.942509	horse	2725
Hasanlu1140_CGG-1-019998_Ira_m663	2.704797141	-663	37	45.46	female	site38	Hasanlu1140_Ira_m663	0	3	5e-05	1e-06	1e-06	0.048341	5.6e-05	0.951553	horse	2613
Hasanlu2327_CGG-1-019995_Ira_m768	0.982686704	-768	37	45.46	male	site38	Hasanlu2327_Ira_m768	0	2	0.000414	0	1e-06	0.054775	2e-06	0.944805	horse	2718
Hasanlu2405_CGG-1-019992_Ira_m868	3.515030878	-868	37	45.46	male	site38	Hasanlu2405_Ira_m868	0	2	0	0.007056	0.103147	0	1e-06	0.889797	horse	2818
Hasanlu3394_CGG-1-019997_Ira_m790	4.117770978	-790	37	45.46	male	site38	Hasanlu3394_Ira_m790	0	5	0	4e-06	4e-06	0.026808	0.019951	0.953225	horse	2740
Hasanlu3398_CGG-1-019986_Ira_m768	1.347387978	-768	37	45.46	female	site38	Hasanlu3398_Ira_m768	0	3	0.000116	1e-06	2e-06	0.044044	3e-06	0.955836	horse	2718
Hasanlu3461_CGG-1-020003_Ira_m913	7.198297654	-913	37	45.46	female	site38	Hasanlu3461_Ira_m913	0	6	0	0.00807	2e-06	0.008215	0.030436	0.953273	horse	2863
Hasanlu368_CGG-1-019994_Ira_m878	2.881369896	-878	37	45.46	male	site38	Hasanlu368_Ira_m878	0	1	8.7e-05	1.9e-05	4e-06	0.030311	0.001468	0.968109	horse	2828
HasanluV31E_CGG-1-021461_Ira_m768	2.619441083	-768	37	45.46	male	site38	HasanluV31E_Ira_m768	0	2	0	0.00182	0	0.02497	0.011434	0.961774	horse	2718
Hohler1x1_AMIS-1-02431_Ger_m2679	0.674376197	-2679	50.06	11.1	female	site39	Hohler1x1_Ger_m2679	0	0	0	0.214512	0.429302	0	0.333597	0.022588	horse	4629
Hohler1x2_AMIS-1-02432_Ger_m2681	0.98292212	-2681	50.06	11.1	female	site39	Hohler1x2_Ger_m2681	0	0	0	0.222655	0.409898	0	0.347438	0.020005	horse	4631
Hohler2_AMIS-1-02433_Ger_m2719	1.036893554	-2719	50.06	11.1	female	site39	Hohler2_Ger_m2719	0	0	0	0.186847	0.476577	0	0.320543	0.016031	horse	4669
Hohler3x1_AMIS-1-02434_Ger_m2676	1.039393496	-2676	50.06	11.1	female	site39	Hohler3x1_Ger_m2676	0	0	0	0.199539	0.464198	0	0.328315	0.007951	horse	4626
Hohler3x2_AMIS-1-02435_Ger_m2681	0.543634921	-2681	50.06	11.1	female	site39	Hohler3x2_Ger_m2681	0	0	0	0.192285	0.462772	1e-06	0.318559	0.026381	horse	4631
Hohler3x3_AMIS-1-02436_Ger_m2681	1.984227902	-2681	50.06	11.1	female	site39	Hohler3x3_Ger_m2681	0	0	0	0.190768	0.478441	0	0.326462	0.004333	horse	4631
Kan22_CGG-1-022821_Tur_m2386	3.152319761	-2386	41.72	27.23	male	site40	Kan22_Tur_m2386	0	0	0.000444	0.007948	0.381044	2.4e-05	0.257865	0.352673	horse	4336
KB212_AMIS-1-01621_Rus_m29656	1.938013832	-29656	51.38	39.07	male	site41	KB212_Rus_m29656	0	0	0.000587	0.129637	0.336159	1.2e-05	0.533606	0	horse	31606
KB217_AMIS-1-01626_Rus_m34198	0.139849215	-34198	62.08	58.08	female	site42	KB217_Rus_m34198	0	0	5.5e-05	0.346942	1e-05	0.051441	0.601547	3e-06	horse	36148
KB218_AMIS-1-01627_Rus_m42475	0.96581769	-42475	62.08	58.08	female	site42	KB218_Rus_m42475	0	0	0.000251	0.318404	0.029194	0.007432	0.644717	2e-06	horse	44425
KB219_AMIS-1-01628_Rus_m24209	2.221541679	-24209	62.08	58.08	female	site42	KB219_Rus_m24209	0	0	0.000413	0.351561	1e-06	0.029046	0.618979	0	horse	26159
KB221_AMIS-1-01629_Rus_m34198	0.119272912	-34198	62.08	58.08	male	site42	KB221_Rus_m34198	0	0	1.6e-05	0.233067	0.213446	0.021807	0.531635	2.9e-05	horse	36148
Kent1_AMIS-1-00144_Kaz_m1466	2.700496624	-1466	49.2	75.94	female	site43	Kent1_Kaz_m1466	0	4	0	0.002733	8e-06	0.015288	0.065927	0.916045	horse	3416
Kent2_AMIS-1-00145_Kaz_m1474	2.101300248	-1474	49.2	75.94	male	site43	Kent2_Kaz_m1474	0	2	0	0.004316	0.007087	0.007732	0.085797	0.895073	horse	3424
Kent5_AMIS-1-00148_Kaz_m1494	1.842497766	-1494	49.2	75.94	male	site43	Kent5_Kaz_m1494	0	2	0	0.001744	1.5e-05	0.012637	0.053248	0.932354	horse	3444
Kent6_AMIS-1-0149_Kaz_m1463	2.456727144	-1463	49.2	75.94	female	site43	Kent6_Kaz_m1463	0	3	0	1e-06	0.106931	0	0.057129	0.83594	horse	3413
Kent7_AMIS-1-00150_Kaz_m1476	2.042630902	-1476	49.2	75.94	male	site43	Kent7_Kaz_m1476	0	1	0	0.008397	0.019648	3e-06	0.097867	0.874082	horse	3426
Kozhai_AMIS-1-00155x051_Kaz_m3342	1.259610271	-3342	49.4	66.75	male	site44	Kozhai_Kaz_m3342	0	0	0	1e-06	0.657039	0.029918	0.158762	0.154283	horse	5292
KSH4_CGG-1-017098_Kaz_m1955	2.18206957	-1955	52.84	62.9	female	site36	KSH4_Kaz_m1955	0	1	0	0	5e-06	0.047426	0.024982	0.927583	horse	3905
KSH5_CGG-1-017099_Kaz_m1895	7.729618362	-1895	52.84	62.9	male	site36	KSH5_Kaz_m1895	0	5	8e-06	0.002061	5.7e-05	0.013272	0.051428	0.933173	horse	3845
KSK16232_AMIS-1-00027_Tur_m6319	6.086954641	-6319	37.85	34.61	male	site45	KSK16232_Tur_m6319	0	0	0	0.114469	0.703257	0	0.098954	0.08332	horse	8269
Kuymx2_AMIS-1-01231_Rus_m580	8.687734358	-580	51.5	85.97	male	site46	Kuymx2_Rus_m580	0	0	0	0.000763	0.061956	1e-06	0.048125	0.889155	horse	2530
KY001_CGG-1-022896_Kaz_m3244	3.051570892	-3244	53.33	69.26	female	site47	KY001_Kaz_m3244	0	0	3e-06	0	0.843798	0.017454	0.088396	0.05035	horse	5194
KZ2019x1a_AMIS-1-02014_Kaz_m293	3.162862793	-293	47.24	84.54	male	site48	KZ2019x1a_Kaz_m293	0	0	0	0.001939	0.005505	0.010951	0.052149	0.929457	horse	2243
Logx1_AMIS-1-02485_Rus_m49900i	0.970949825	-49900	51.17	82.97	male	site49	Logx1_Rus_m49900i	0	0	0.000162	0.310896	0.036581	0.01626	0.636098	1e-06	horse	51850
Logx3_AMIS-1-02487_Rus_m52200i	1.089918909	-52200	51.17	82.97	female	site49	Logx3_Rus_m52200i	0	0	0.000235	0.321686	0.021388	0.01574	0.640951	2e-06	horse	54150
LORUS2018x09_AMIS-1-01277_Rus_m3131	3.892831208	-3089	49.22	43.9	male	site50	LORUS2018x09_Rus_m3131	0	0	0.000125	1e-06	0.0933	0.014918	0.182121	0.709539	horse	5039
LORUS2018x12_AMIS-1-01280_Rus_m2995	2.141114184	-2995	49.22	43.9	male	site50	LORUS2018x12_Rus_m2995	0	0	0	2e-06	0.326459	1e-06	0.158282	0.515255	horse	4945
LORUS2018x15_AMIS-1-01283_Rus_m2763	4.966522992	-2763	52.8	53.79	female	site51	LORUS2018x15_Rus_m2763	0	0	0	1e-06	0.407011	0	0.111203	0.48179	horse	4713
LORUS2018x16_AMIS-1-01284_Rus_m2786	2.137332743	-2786	52.8	53.79	male	site51	LORUS2018x16_Rus_m2786	0	0	7e-05	1e-06	0.269974	0.012789	0.203529	0.513633	horse	4736
LORUS2018x19_AMIS-1-01287_Rus_m5391	0.802263315	-5391	52.8	53.79	female	site51	LORUS2018x19_Rus_m5391	0	0	0.000232	1e-06	0.31732	0.034513	0.269799	0.378136	horse	7341
LORUS2018x23_AMIS-1-01291_Rus_m1796	4.678390687	-1796	53.45	48.94	female	site52	LORUS2018x23_Rus_m1796	0	2	0	0.0056	0.035426	0	0.072875	0.886101	horse	3746
LORUS2018x25_AMIS-1-01293_Rus_m1785	2.173469404	-1785	53.45	48.94	female	site52	LORUS2018x25_Rus_m1785	0	2	0	0.002868	3e-06	0.009806	0.066558	0.920763	horse	3735
LORUS2018x29_AMIS-1-01297_Rus_m5406	1.111381042	-5406	50.16	48.53	male	site53	LORUS2018x29_Rus_m5406	0	0	0.000404	1e-06	0.180666	0.0361	0.298917	0.483908	horse	7356
LORUS2018x4_AMIS-1-01272_Rus_m1844	0.543357238	-1844	53.34	51.87	female	site54	LORUS2018x4_Rus_m1844	0	0	0	0.005541	4.6e-05	0.008356	0.071626	0.914428	horse	3794
LORUS2018x43_AMIS-1-01311_Rus_m1798	1.74796465	-1798	53.09	50.8	female	site55	LORUS2018x43_Rus_m1798	0	5	0	0.000778	0.000466	0.012264	0.069254	0.917236	horse	3748
LORUS2018x44_AMIS-1-01312_Rus_m1109	1.614471067	-1109	53.09	50.8	male	site55	LORUS2018x44_Rus_m1109	0	0	0	0	9e-06	0.046683	0.004987	0.94832	horse	3059
LORUS2018x62_AMIS-1-01330_Rus_m1849	18.61603375	-1849	52.43	55.23	male	site56	LORUS2018x62_Rus_m1849	0	14	0	3e-06	0.158673	0	0.01837	0.822948	horse	3799
Magor_AMIS-1-01387_UK_m1009	2.320609503	-1009	51.58	-2.83	male	site57	Magor_UK_m1009	0	5	0	0.000219	0	0.017572	0.067769	0.91444	horse	2959
Mic2_CGG-1-018388_Mol_m1250	0.195124399	-1250	47.99	27.79	male	site58	Mic2_Mol_m1250	0	0	0	2e-06	2.1e-05	0.021803	0.056851	0.921317	horse	3200
Mich_AMIS-1-00043_Kaz_m2019	1.700032339	-2019	52.45	76.79	male	site59	Mich_Kaz_m2019	0	0	0.000247	0	0.229265	0.030392	0.244077	0.496022	horse	3969
Miciurin05_AMIS-1-00471_Mol_m1373	2.204733652	-1373	47.99	27.79	female	site58	Miciurin05_Mol_m1373	0	0	0	0.001882	0.072385	2e-06	0.062702	0.863026	horse	3323
MOLDA1_CGG-1-022639_Mol_m2063	2.640994454	-2063	48.16	27.17	female	site60	MOLDA1_Mol_m2063	0	1	6.4e-05	0	3e-06	0.066246	0.024779	0.908908	horse	4013
Mon2017x126x1_CGG-1-021881_Mon_m942	6.204433107	-942	49.93	99.8	male	site61	Mon2017x126x1_Mon_m942	0	0	0	0.003914	0.001735	0.008944	0.051839	0.933566	horse	2892
Mon2017x127_CGG-1-021883_Mon_m658	2.049417032	-658	46.4	100.68	male	site62	Mon2017x127_Mon_m658	0	0	0	0.00257	0.044678	1e-06	0.045164	0.907592	horse	2608
Mon2017x140x1_CGG-1-021901_Mon_m1116	4.671845274	-1116	49.33	95.44	male	site63	Mon2017x140x1_Mon_m1116	0	2	0	0.007836	0.011969	8e-06	0.054046	0.926144	horse	3066
Mon2017x159_CGG-1-021923_Mon_m1136	8.619246114	-1136	51.42	99.36	male	site64	Mon2017x159_Mon_m1136	0	4	0	0.005285	0.024473	7e-06	0.0555	0.914733	horse	3086
Mon2017x172_CGG-1-021938_Mon_m987	4.073310516	-987	49.31	99.85	male	site65	Mon2017x172_Mon_m987	0	6	0	0.009901	3.9e-05	0.000976	0.055022	0.93406	horse	2937
Mon2017x174_CGG-1-021941_Mon_m1145	0.462643493	-1145	49.31	99.85	male	site65	Mon2017x174_Mon_m1145	0	0	0	0	3e-06	0.031824	0.044054	0.924121	horse	3095
Mon2017x176_CGG-1-0219435_Mon_m939	0.083055389	-939	49.31	99.85	female	site65	Mon2017x176_Mon_m939	0	0	0	0	2e-06	0.041735	0.005472	0.95279	horse	2889
Mon2017x188_CGG-1-021957_Mon_m1010	2.578359825	-1010	49.33	95.44	female	site63	Mon2017x188_Mon_m1010	0	0	0	0.001234	0.000203	0.014093	0.05302	0.931452	horse	2960
Mon2017x199_CGG-1-021970_Mon_m865	1.058157831	-865	46.94	98.6	female	site66	Mon2017x199_Mon_m865	0	3	0	0.006689	0.001401	0.005158	0.058286	0.928465	horse	2815
Monx2_AMIS-1-01181_Mon_m1100	3.912189324	-1100	49.55	103.28	female	site67	Monx2_Mon_m1100	0	0	0	0.000962	1e-06	0.015377	0.043821	0.939844	horse	3050
Monx4_AMIS-1-01183_Mon_m1018	2.221703983	-1018	49.55	103.28	male	site67	Monx4_Mon_m1018	0	2	0	1e-06	2e-06	0.040395	0.0112	0.948401	horse	2968
Monx7_AMIS-1-01186_Mon_m1030	2.603317071	-1026	49.55	103.28	male	site67	Monx7_Mon_m1030	0	2	0	4.6e-05	0.005505	0.014434	0.048349	0.931662	horse	2976
Monx9_AMIS-1-01188_Mon_m775	2.414624941	-775	49.55	103.28	female	site67	Monx9_Mon_m775	0	1	5.1e-05	1e-06	3e-06	0.048726	0.002237	0.948982	horse	2725
NB13_CGG-1-017005_Kaz_m3012	0.565808783	-3012	51.52	62.55	male	site68	NB13_Kaz_m3012	0	0	0	0	0.614285	0.030447	0.169615	0.185661	horse	4962
NB15_CGG-1-017007_Kaz_m3150	0.183531944	-3150	51.52	62.55	female	site68	NB15_Kaz_m3150	0	0	2e-06	1e-06	0.617127	0.033765	0.168592	0.180511	horse	5100
NB44_CGG-1-017036_Rus_m1856	1.414511369	-1856	52.49	60.19	male	site69	NB44_Rus_m1856	0	2	0	0.001813	0.046106	2e-06	0.080141	0.871937	horse	3806
NB45_CGG-1-017037_Rus_m1865	1.047327887	-1865	52.49	60.19	male	site69	NB45_Rus_m1865	0	0	0	0.0053	0.008052	0.004281	0.076633	0.905735	horse	3815
NHr2_CGG-1-018379_Slo_m1683	0.948277043	-1683	48.07	18.2	male	site70	NHr2_Slo_m1683	0	3	0	0	0	0.028771	0.054909	0.916321	horse	3633
Nov3x10_CGG-1-022047_Rus_m3443	3.89322557	-3443	53.55	79.35	female	site71	Nov3x10_Rus_m3443	0	0	2.1e-05	0.049162	0.854939	1e-06	0.09587	1e-06	horse	5393
Nov3x7_CGG-1-022044_Rus_m3451	1.46517919	-3451	53.55	79.35	male	site71	Nov3x7_Rus_m3451	0	0	5.6e-05	0.000769	0.910406	0.012744	0.076019	1e-06	horse	5401
Nov6x11_AMIS-1-02634_Rus_m3217	1.092546208	-3217	53.55	79.35	female	site71	Nov6x11_Rus_m3217	0	0	0	0	0.77202	0.022512	0.110355	0.09511	horse	5167
Nov6x6_AMIS-1-02629_Rus_m3224	2.264177793	-3224	53.55	79.35	female	site71	Nov6x6_Rus_m3224	0	0	1e-06	0	0.857865	0.018231	0.084698	0.039205	horse	5174
Nov6x7_AMIS-1-02630_Rus_m3217	2.146202778	-3217	53.55	79.35	male	site71	Nov6x7_Rus_m3217	0	0	0	2e-06	0.925913	0.014655	0.052635	0.006792	horse	5167
Novoil1_Ages-1-7475_Kaz_m1832	3.72	-1832	52.64	62.76	male	site72	Novoil1_Kaz_m1832	0	9	0	0.000582	0.067442	0	0.051379	0.880592	horse	3782
Novoil2_Ages-1-7476_Kaz_m1832	2.81	-1832	52.64	62.76	female	site72	Novoil2_Kaz_m1832	0	5	0	0.003053	0.00805	0.007046	0.07525	0.9066	horse	3782
P9392_AMIS-1-01714_UK_m12666	1.258685724	-12666	50.47	-3.5	male	site73	P9392_UK_m12666	0	0	0.000183	0.280275	0.112717	4e-06	0.601592	0.005229	horse	14616
PAVH8_CGG-1-018165_Kaz_m2961	3.032184465	-2961	51.82	77.95	male	site74	PAVH8_Kaz_m2961	0	0	0	0.054095	0.87152	0	0.07438	0	horse	4911
PAVH9_CGG-1-018167_Kaz_m2959	3.448514197	-2959	51.82	77.95	male	site74	PAVH9_Kaz_m2959	0	0	0	0.087761	0.825471	0	0.086769	0	horse	4909
Pie13_AMIS-1-01780_Rom_m4425	2.303687855	-4425	44.07	26.16	female	site75	Pie13_Rom_m4425	0	0	0.000432	3e-06	0.275286	0.003495	0.274881	0.445897	horse	6375
PKo7_AMIS-1-02033_Kaz_m1754	0.641686751	-1754	49.92	74.22	female	site76	PKo7_Kaz_m1754	0	0	0	0	4e-06	0.021817	0.064166	0.914014	horse	3704
PLKaz1_AMIS-1-01684_Pol_m1550	1.290547844	-1550	50.27	20.47	male	site77	PLKaz1_Pol_m1550	0	0	0	0.004349	0.037221	7e-06	0.053472	0.904952	horse	3500
PLKaz2_AMIS-1-01678_Pol_m1480	3.377490925	-1480	50.27	20.47	female	site77	PLKaz2_Pol_m1480	0	5	0	0.007831	1.3e-05	0.003331	0.065561	0.923266	horse	3430
PLKaz3_AMIS-1-01679_Pol_m1550	3.191975344	-1550	50.27	20.47	female	site77	PLKaz3_Pol_m1550	0	3	0	0	1e-06	0.01969	0.046	0.934304	horse	3500
PLKaz4_AMIS-1-01680_Pol_m1550	2.353317574	-1550	50.27	20.47	male	site77	PLKaz4_Pol_m1550	0	2	0	3e-05	0.089824	1e-06	0.044881	0.865264	horse	3500
PLKaz5_AMIS-1-01681_Pol_m1550	2.281612638	-1550	50.27	20.47	male	site77	PLKaz5_Pol_m1550	0	2	1e-06	0.000526	3.7e-05	0.022647	0.044122	0.932665	horse	3500
PLKaz6_AMIS-1-01682_Pol_m1550	2.826589938	-1550	50.27	20.47	female	site77	PLKaz6_Pol_m1550	0	3	0	0.006704	7.7e-05	0.011981	0.043368	0.937869	horse	3500
PLMie18_AMIS-1-01702_Pol_m1483	2.074865548	-1483	50.36	20.05	male	site78	PLMie18_Pol_m1483	0	2	0	3e-06	4e-06	0.019533	0.044404	0.936056	horse	3433
PLMie8_AMIS-1-01692_Pol_m649	1.284516222	-649	50.36	20.05	female	site78	PLMie8_Pol_m649	0	0	0	0.001831	2.8e-05	0.016133	0.033703	0.948301	horse	2599
PLMoz11_AMIS-1-01959_Pol_m3505	1.835958848	-3505	50.44	20.52	male	site79	PLMoz11_Pol_m3505	0	0	0.000134	0.115081	0.500322	1e-06	0.35157	0.032888	horse	5455
PLMoz1x1_AMIS-1-01703_Pol_m3801	1.037239544	-3801	50.44	20.52	male	site79	PLMoz1x1_Pol_m3801	0	0	0	0.168951	0.450878	1e-06	0.360792	0.019376	horse	5751
PLPie2_AMIS-1-01684_Pol_m1532	3.235862888	-1532	50.14	20.05	male	site80	PLPie2_Pol_m1532	0	10	0	0.001001	0.077715	1e-06	0.030043	0.891237	horse	3482
PRAGUE18_AMIS-1-00671_Cze_m3226	2.702710634	-3226	50.08	14.23	male	site81	PRAGUE18_Cze_m3226	0	0	0	0.183413	0.426907	0	0.372619	0.017061	horse	5176
PRAGUE32_AMIS-1-00842_Cze_m787	1.75359059	-787	50.15	14.33	male	site82	PRAGUE32_Cze_m787	0	1	0	0.002402	3e-06	0.011297	0.071162	0.915134	horse	2737
PRAGUE40_AMIS-1-00850_Cze_m2037	1.941199804	-2037	50.2	14.29	male	site83	PRAGUE40_Cze_m2037	0	1	0	1e-06	9e-06	0.025355	0.051854	0.922782	horse	3987
PRAGUE62_AMIS-1-00872_Cze_m1249	1.78581391	-1249	49.31	17.16	male	site84	PRAGUE62_Cze_m1249	0	0	0	7.2e-05	0	0.018945	0.035067	0.945912	horse	3199
PRAGUE64_AMIS-1-00874_Cze_m1110	1.418688878	-1110	50.13	14.29	male	site85	PRAGUE64_Cze_m1110	0	3	0	0	1e-06	0.030923	0.022715	0.946361	horse	3060
PRAGUE68_AMIS-1-00878_Cze_m1310	1.572906822	-1310	50.13	14.27	female	site86	PRAGUE68_Cze_m1310	0	1	0	1e-06	2e-06	0.02661	0.047668	0.925719	horse	3260
PRAGUE77_AMIS-1-01716_Cze_m624	4.206730226	-624	50.36	14.45	male	site87	PRAGUE77_Cze_m624	0	8	0	0.008463	0.013057	0	0.050866	0.927614	horse	2574
PRAGUE84_AMIS-1-01723_Cze_m3236	6.323676868	-3236	49.19	16.68	male	site88	PRAGUE84_Cze_m3236	0	0	5e-05	0.13184	0.523233	1e-06	0.315389	0.029492	horse	5186
PRAGUE9_AMIS-1-00662_Cze_m1845	4.964448126	-1845	50.17	14.72	male	site89	PRAGUE9_Cze_m1845	0	6	3.2e-05	0.000191	5e-06	0.014558	0.075154	0.910058	horse	3795
PRAGUE27x81_AMIS-1-00680-01729_Cze_m1241	7.264049724	-1241	50.36	13.74	female	site90	PRAGUE27x81_Cze_m1241	0	11	0	0.003279	0.056163	3e-06	0.037108	0.903446	horse	3191
Rid1_CGG-1-018468_Est_m700	2.755973081	-700	58.46	23.03	male	site91	Rid1_Est_m700	0	3	0	0.006366	2.1e-05	0.007604	0.045681	0.940329	horse	2650
Rid2_CGG-1-018469_Est_m700	1.709370007	-700	58.46	23.03	male	site91	Rid2_Est_m700	0	3	0	0	1e-06	0.024559	0.038878	0.93656	horse	2650
ROxCASx09_CGG-1-022928_Rom_m4297	1.09540411	-4297	44.13	26.47	male	site92	ROxCASx09_Rom_m4297	0	0	0.000416	0	0.146623	0.020189	0.296266	0.536508	horse	6247
ROxCASx10_CGG-1-022929_Rom_m4309	1.768548451	-4309	44.13	26.47	female	site92	ROxCASx10_Rom_m4309	0	0	0.000447	3e-06	0.152363	0.021716	0.297815	0.527659	horse	6259
ROxCASx12_CGG-1-022931_Rom_m3795	2.430701331	-3795	44.13	26.47	male	site92	ROxCASx12_Rom_m3795	0	0	0.000483	7e-06	0.186899	0.009445	0.285097	0.518065	horse	5745
ROxNPCx06_CGG-1-023015_Rom_m34801	1.986845974	-34801	45.81	22.81	male	site93	ROxNPCx06_Rom_m34801	0	0	0.000362	0.117274	0.404748	0.002725	0.474888	0	horse	36751
Rus2017x2_AMIS-1-00773_Rus_m51700i	2.542179201	-51700	70.72	135.41	male	site94	Rus2017x2_Rus_m51700i	0	0	0.0052	0.305231	0	0.573144	0.116422	0	horse	53650
Rus2017x3_CGG-NO-NUMBER_Rus_m51700i	2.080802531	-51700	70.72	135.41	male	site94	Rus2017x3_Rus_m51700i	0	0	0.000874	0.474855	0	0.455545	0.068726	0	horse	53650
Rus2017x5_AMIS-1-00776_Rus_m51700i	2.305490477	-51700	70.72	135.41	female	site94	Rus2017x5_Rus_m51700i	1	0	0.00095	0.477328	0	0.470978	0.050746	0	horse	53650
Rus2017x6_AMIS-1-00777_Rus_m28567	2.659193936	-28567	70.72	135.41	female	site94	Rus2017x6_Rus_m28567	0	0	0.000454	0.48873	2e-06	0.409845	0.100969	0	horse	30517
RusxNx01_AMIS-1-00563_Rus_m1862	7.071417762	-1862	53.66	50.67	male	site21	RusxNx01_Rus_m1862	0	7	0	5e-06	0.074219	2e-06	0.050018	0.875761	horse	3812
RusxNx02_AMIS-1-00564_Rus_m1825	1.382487649	-1825	52.92	50.96	male	site95	RusxNx02_Rus_m1825	0	0	0	0.006249	0.001445	0.005365	0.078777	0.908166	horse	3775
RusxNx03_AMIS-1-00565_Rus_m1851	0.856849599	-1851	52.92	50.96	female	site95	RusxNx03_Rus_m1851	0	2	0	0.00462	0.000682	0.006675	0.065041	0.922981	horse	3801
RusxNx04_AMIS-1-00566_Rus_m1789	1.365886145	-1789	52.92	50.96	male	site95	RusxNx04_Rus_m1789	0	4	0	0	8e-06	0.021977	0.04244	0.935573	horse	3739
RusxNx09_AMIS-1-00572_Rus_m1851	2.487026016	-1851	53.12	48.35	female	site96	RusxNx09_Rus_m1851	0	1	0	2e-06	0.19117	0	0.007894	0.800933	horse	3801
RusxNx109_AMIS-1-00908_Rus_m13477	2.484605858	-13477	57.45	61.45	female	site97	RusxNx109_Rus_m13477	0	0	0.000517	0.334587	1e-06	0.021306	0.643587	0	horse	15427
RusxNx111_AMIS-1-00910_Rus_m22013	1.596757249	-22013	57.45	61.45	female	site97	RusxNx111_Rus_m22013	0	0	0.000519	0.262728	0.093575	0	0.643177	1e-06	horse	23963
RusxNx112_AMIS-1-00911_Rus_m14727	1.158534507	-14727	57.45	61.45	female	site97	RusxNx112_Rus_m14727	0	0	0.000433	0.298391	0.040604	0.004825	0.655745	2e-06	horse	16677
RusxNx113_AMIS-1-00912_Rus_m13978	1.1012636	-13978	57.45	61.45	female	site97	RusxNx113_Rus_m13978	0	0	0.000497	0.300672	0.038665	0.002452	0.657711	3e-06	horse	15928
RusxNx114_AMIS-1-00913_Rus_m15249	1.212617545	-15249	57.45	61.45	male	site97	RusxNx114_Rus_m15249	0	0	0.000471	0.280087	0.064847	7e-06	0.654586	0	horse	17199
RusxNx115_AMIS-1-00914_Rus_m14736	1.547888577	-14736	57.45	61.45	male	site97	RusxNx115_Rus_m14736	0	0	0.000467	0.26269	0.118163	1e-06	0.618676	1e-06	horse	16686
RusxNx120_AMIS-1-00919_Rus_m30192	1.211414636	-30192	58.88	57.63	male	site98	RusxNx120_Rus_m30192	0	0	0.000472	0.235915	0.144879	1e-06	0.61873	1e-06	horse	32142
RusxNx121_AMIS-1-00920_Rus_m21420	2.344024668	-21420	58.88	57.63	female	site98	RusxNx121_Rus_m21420	0	0	0.00037	0.294486	0.081854	7e-06	0.623281	1e-06	horse	23370
RusxNx128_AMIS-1-00927_Rus_m43000	0.099605873	-43000	55.47	59.45	female	site99	RusxNx128_Rus_m43000	0	0	0.00032	0.260177	0.132219	0.00492	0.602348	1.7e-05	horse	44950
RusxNx129_AMIS-1-00928_Rus_m36541	1.346506944	-36541	55.47	59.45	female	site99	RusxNx129_Rus_m36541	0	0	0.000374	0.314502	0.029076	0.006399	0.649647	1e-06	horse	38491
RusxNx130_AMIS-1-00929_Rus_m21145	3.263547942	-21145	55.47	59.45	female	site99	RusxNx130_Rus_m21145	0	0	0.00054	0.305574	0.042279	0.000154	0.651455	2e-06	horse	23095
RusxNx131_AMIS-1-00930_Rus_m17769	2.486577233	-17769	54.83	57.88	male	site100	RusxNx131_Rus_m17769	0	0	0.000541	0.308933	0.042092	0.000228	0.6482	4e-06	horse	19719
RusxNx53_AMIS-1-00616_Rus_m2785	21.47443429	-2785	52.8	53.79	female	site51	RusxNx53_Rus_m2785	0	0	0	1e-06	0.524435	0	0.075466	0.4001	horse	4735
RusxNx58_AMIS-1-00621_Rus_m2758	2.637521599	-2758	52.8	53.79	female	site51	RusxNx58_Rus_m2758	0	0	0.000113	0	0.280106	0.006461	0.150903	0.562411	horse	4708
RusxNx96_AMIS-1-00895_Rus_m4586	1.54306225	-4586	50.16	48.53	female	site101	RusxNx96_Rus_m4586	0	0	0.000349	0	0.088253	0.046689	0.265102	0.599614	horse	6536
SAGxS27_CGG-1-019559_Ira_m1102	1.870811952	-1102	35.77	49.94	male	site102	SAGxS27_Ira_m1102	0	0	0.000408	0	0	0.048303	1e-06	0.951285	horse	3052
Shid1_AMIS-1-00045_Kaz_m10458	1.664152169	-10458	51.64	74.65	male	site103	Shid1_Kaz_m10458	0	0	0.00034	0.159344	0.346346	0	0.493969	1e-06	horse	12408
Sho1x2_AMIS-1-02612_Rus_m7500	1.160763406	-7500	55.88	47.49	male	site104	Sho1x2_Rus_m7500	0	0	0.000591	5e-06	0.546444	0.030127	0.383543	0.039291	horse	9450
Spain38_CGG-1-020484_Spa_m2040	0.599354927	-2040	39.02	-2.03	female	site105	Spain38_Spa_m2040	0	0	0	0.510873	4.8e-05	0.372844	0.044221	0.072015	horse	3990
Spain39_CGG-1-020485_Spa_m1968	2.593525279	-1968	39.02	-2.03	male	site105	Spain39_Spa_m1968	0	0	0.004008	0.432214	0	0.475381	1e-06	0.088394	horse	3918
SRxNHMx005_AMIS-1-01852_Aus_m585	1.768615368	-585	48.45	16.6	female	site106	SRxNHMx005_Aus_m585	0	3	0	2e-06	1e-06	0.031958	0.02029	0.947746	horse	2535
SV2019x18_AMIS-1-02382_Tun_m581	1.313690179	-581	35.87	8.79	male	site107	SV2019x18_Tun_m581	0	1	4.7e-05	1e-06	2e-06	0.05197	1e-05	0.947966	horse	2531
SV2019x19_AMIS-1-02383_Tun_m643	0.934541258	-643	35.87	8.79	male	site107	SV2019x19_Tun_m643	0	3	0	2e-06	1e-05	0.039786	0.013735	0.946466	horse	2593
SV2019x22_AMIS-1-02386_Tun_m660	0.580627244	-660	35.87	8.79	male	site107	SV2019x22_Tun_m660	0	2	0	1e-06	4e-06	0.037744	0.02203	0.94022	horse	2610
Tarpan_AMIS-1-02430_Ukr_1868	2.230388828	-152	49.29	31.04	male	site108	Tarpan_Ukr_1868	0	0	0	0.025403	0.372204	0	0.114324	0.488068	horse	2102
Tarquinia3298_AMIS-1-01381_Ita_m657	4.885452951	-657	42.25	11.76	male	site109	Tarquinia3298_Ita_m657	0	11	0	3.5e-05	3e-06	0.019536	0.051444	0.928985	horse	2607
TP4_CGG-1-018394_Geo_m1578	8.262088051	-1578	41.47	46.02	male	site110	TP4_Geo_m1578	0	17	0	7e-06	0.141939	1e-06	0.020016	0.838033	horse	3528
UE10287_CGG-1-021002_Fra_m617	10.89485103	-617	43.37	3.42	male	site111	UE10287_Fra_m617	0	11	0	0	2e-06	0.034283	0.024769	0.940948	horse	2567
UE11080x2_CGG-1-020973_Spa_m664	2.897151706	-664	41.57	0.95	female	site112	UE11080x2_Spa_m664	0	2	0	0	0	0.046318	0.023876	0.929806	horse	2614
UE13045_CGG-1-020963_Spa_m738	0.140475438	-738	41.57	0.95	male	site112	UE13045_Spa_m738	0	0	0	1e-06	3e-06	0.026545	0.073578	0.899869	horse	2688
UE172_CGG-1-020984_Spa_m317	2.964003049	-317	41.71	1.54	female	site113	UE172_Spa_m317	0	4	0	1e-06	0	0.019767	0.048881	0.931351	horse	2267
UE2275x2_CGG-1-020989_Spa_m2758	3.724436034	-2758	41.55	1.04	female	site114	UE2275x2_Spa_m2758	0	0	7e-05	0.533911	1e-06	0.421346	0	0.044676	horse	4708
UE4618_CGG-1-020962_Spa_m655	4.340154675	-655	41.57	0.95	female	site112	UE4618_Spa_m655	0	12	0	0.00096	0.234302	0	6e-06	0.76473	horse	2605
Ukr11_AMIS-1-02316x2x3_Ukr_m4185	0.202775811	-4185	46.87	35.43	female	site115	Ukr11_Ukr_m4185	0	0	0.000201	1e-06	0.164487	0.024227	0.257906	0.553179	horse	6135
Ural2017x1_AMIS-1-00391_Rus_m1868	3.320445718	-1868	52.65	59.57	male	site116	Ural2017x1_Rus_m1868	0	11	0	0.000729	0.082186	1e-06	0.043981	0.873103	horse	3818
Ural2017x20_AMIS-1-00409_Rus_m1356	2.59871411	-1356	51.57	45.78	male	site117	Ural2017x20_Rus_m1356	0	0	9.4e-05	0	1e-06	0.065331	0.016364	0.918212	horse	3306
Ural2017x21_AMIS-1-00410_Rus_m1377	2.535750337	-1377	51.57	45.78	male	site117	Ural2017x21_Rus_m1377	0	0	0	0	5e-06	0.021299	0.062187	0.916509	horse	3327
Ural2017x22_AMIS-1-00411_Rus_m1377	1.276653862	-1377	51.57	45.78	male	site117	Ural2017x22_Rus_m1377	0	0	3e-06	1e-06	7e-06	0.058418	0.004021	0.937549	horse	3327
Ural2017x25_AMIS-1-00414_Rus_m1460	1.91801461	-1460	51.57	45.78	male	site117	Ural2017x25_Rus_m1460	0	2	0	0	1e-06	0.029659	0.046988	0.923353	horse	3410
Ural2017x26_AMIS-1-00415_Rus_m2751	1.232740847	-2751	51.57	45.78	female	site117	Ural2017x26_Rus_m2751	0	0	0.000203	0	0.008876	0.040926	0.212652	0.737344	horse	4701
Ural2017x29_AMIS-1-00418_Rus_m1853	1.690609389	-1853	52.83	60.37	female	site118	Ural2017x29_Rus_m1853	0	5	0	1e-06	2e-06	0.018764	0.059086	0.922146	horse	3803
Ural2017x3_AMIS-1-00393_Rus_m1815	2.432387197	-1815	52.65	59.57	male	site116	Ural2017x3_Rus_m1815	0	4	0	1e-06	1e-06	0.044587	0.018354	0.937056	horse	3765
Ural2017x30_AMIS-1-00419_Rus_m1863	2.254559646	-1863	52.83	60.37	female	site118	Ural2017x30_Rus_m1863	0	2	0	0.004198	5.1e-05	0.008262	0.05612	0.93137	horse	3813
Ural2017x31_CGG-NO-NUMBER_Rus_m1845	1.210715109	-1845	52.83	60.37	male	site118	Ural2017x31_Rus_m1845	0	2	0	1.5e-05	0.024031	0.006878	0.076585	0.892489	horse	3795
Ural2017x33_AMIS-1-00422_Rus_m1854	3.019117091	-1854	52.83	60.37	female	site118	Ural2017x33_Rus_m1854	0	6	0	2e-06	1.8e-05	0.016672	0.05304	0.930269	horse	3804
Ural2017x34_CGG-NO-NUMBER_Rus_m1861	0.763117192	-1861	52.83	60.37	female	site118	Ural2017x34_Rus_m1861	0	1	0	0.005179	1.8e-05	0.007743	0.067183	0.919877	horse	3811
Ural2017x36_AMIS-1-00425_Rus_m1892	2.446274875	-1892	52.83	60.37	female	site118	Ural2017x36_Rus_m1892	0	3	0	0.001053	1.2e-05	0.012917	0.071915	0.914103	horse	3842
Ural2017x4_AMIS-1-00394_Rus_m1820	1.752919287	-1820	52.65	59.57	male	site116	Ural2017x4_Rus_m1820	0	3	0	0.004617	0.010864	0.005016	0.07655	0.902953	horse	3770
Ural2017x41_AMIS-1-00430_Rus_m1917	3.155487243	-1917	52.83	60.37	female	site118	Ural2017x41_Rus_m1917	0	0	0	0.001403	0.06561	1e-06	0.050066	0.882918	horse	3867
Ural2017x44_AMIS-1-00433_Rus_m1954	2.131105803	-1954	52.83	60.37	female	site118	Ural2017x44_Rus_m1954	0	2	0	4.7e-05	0.068711	0	0.065323	0.865916	horse	3904
Ural2017x47_AMIS-1-00436_Rus_m1856	3.035255176	-1856	52.83	60.37	female	site118	Ural2017x47_Rus_m1856	0	3	0	0.00139	0.06848	3e-06	0.056207	0.873917	horse	3806
Ural2017x5_AMIS-1-00395_Rus_m1951	2.294897032	-1951	52.65	59.57	male	site116	Ural2017x5_Rus_m1951	0	1	0	0	5e-06	0.025785	0.037092	0.937119	horse	3901
Ural2017x67_AMIS-1-00456_Rus_m2774	2.128618094	-2774	53.97	74.88	male	site119	Ural2017x67_Rus_m2774	0	0	0	0	0.764045	0.020943	0.118394	0.096622	horse	4724
Ural2017x69_AMIS-1-00458_Rus_m2774	2.064170705	-2774	53.97	74.88	female	site119	Ural2017x69_Rus_m2774	0	0	3e-06	1e-06	0.878906	0.018204	0.079226	0.023659	horse	4724
Ural2017x70_AMIS-1-00459_Rus_m2753	1.42623962	-2753	53.97	74.88	male	site119	Ural2017x70_Rus_m2753	0	0	0	0	0.79943	0.017241	0.093145	0.090182	horse	4703
Ural2017x71_AMIS-1-00460_Rus_m2790	1.812535461	-2790	53.97	74.88	female	site119	Ural2017x71_Rus_m2790	0	0	0	3e-06	0.888814	0.015731	0.070928	0.024521	horse	4740
Ural2017x80_AMIS-1-01407_Kaz_m3235	2.506765906	-3235	49.4	66.75	female	site44	Ural2017x80_Kaz_m3235	0	0	0	0	0.786404	0.018897	0.108076	0.086626	horse	5185
Ushx9_AMIS-1-00204_Rus_m775	1.543334075	-775	49.66	99.93	male	site120	Ushx9_Rus_m775	0	0	0	0	0	0.039258	0.027698	0.933046	horse	2725
Var2_AMIS-1-01064_Rus_m5544	2.204718423	-5544	50.13	48.05	female	site121	Var2_Rus_m5544	0	0	0.000443	0	0.168382	0.035841	0.299155	0.496177	horse	7494
Var3_AMIS-1-01065_Rus_m5549	3.453705313	-5549	50.13	48.05	female	site121	Var3_Rus_m5549	0	0	0.000273	0	0.322421	0.016467	0.252303	0.40853	horse	7499
Vert311_CGG-1-018540_Bel_m34314	3.701766963	-34314	50.45	5.01	female	site122	Vert311_Bel_m34314	0	0	0.00039	0.342847	0	0.033317	0.623444	1e-06	horse	36264
Zam9_CGG-1-018369_Por_m2559	1.744907402	-2559	39.07	-9.29	male	site123	Zam9_Por_m2559	0	0	0	0.530836	0	0.423447	0	0.045713	horse	4509
